a = [1 2 3;2 3 4; 1 1 1];
b = [4 5 6;7 8 9; 4 5 7];
a+b